169.5,47,52,0.25,6
170,47,52,0.33333,6
170.5,47,52,0.25,6
171,47,52,0.25,6
171.5,47,52,0.25,6
172,47,52,0.25,6
172.5,47,52,0.25,6
173,47,52,0.25,6
173.5,47,52,0.25,6
174,47,52,0.25,6
174.5,47,52,0.25,6
175,47,52,0.25,6
175.5,47,52,0.25,6
176,47,52,0.25,6
176.5,47,52,0.16667,6
177,47,52,0.25,6
177.5,47,52,0.16667,6
178,47,52,0.25,6
178.5,47,52,0.16667,6
179,47,52,0.25,6
